Metric Order: Top Confidence, BvSB, Entropy, Gini
{"metric": "topconf", "threshold": [0.0, 0.2, 0.4, 0.6, 0.8, 1.0], "latency": [890.6130891030141, 2099.58233653802, 4447.9031950380295, 6963.363362195037, 9832.413290136054, 16732.840386286134], "server": [    0,   764,  2246,  3834,  5646, 10000], "s_acc": [   0,  509, 1582, 2806, 4355, 8518], "ms_acc": [   0,  172,  737, 1683, 3093, 7209], "m_acc": [7209, 7037, 6472, 5526, 4116,    0]}
{"metric": "bvsb", "threshold": [0.0, 0.2, 0.4, 0.6, 0.8, 1.0], "latency": [890.6130891030141, 4505.287861835045, 6471.510177572029, 8233.939738479035, 10672.058599361044, 16732.840386286134], "server": [    0,  2282,  3523,  4636,  6174, 10000], "s_acc": [   0, 1599, 2542, 3455, 4813, 8518], "ms_acc": [   0,  759, 1467, 2240, 3540, 7209], "m_acc": [7209, 6450, 5742, 4969, 3669,    0]}
{"metric": "entropy", "threshold": [0.0, 0.2, 0.4, 0.6, 0.8, 1.0], "latency": [890.6130891030141, 1646.2574424200466, 2541.2307992080596, 3431.705250999049, 4316.954675868059, 5095.334462477101], "server": [   0,  477, 1042, 1604, 2163, 2655], "s_acc": [   0,  472, 1021, 1561, 2096, 2563], "ms_acc": [   0,  469, 1012, 1550, 2080, 2540], "m_acc": [7209, 6740, 6197, 5659, 5129, 4669]}
{"metric": "gini", "threshold": [0.0, 0.2, 0.4, 0.6, 0.8, 1.0], "latency": [890.6130891030141, 5621.639904729112, 8352.4702414161, 10780.438649479107, 13390.415528399126, 16732.840386286134], "server": [    0,  2986,  4709,  6242,  7889, 10000], "s_acc": [   0, 2905, 4470, 5754, 7030, 8518], "ms_acc": [   0, 2877, 4416, 5541, 6497, 7209], "m_acc": [7209, 4332, 2793, 1668,  712,    0]}
-------------------------------
{"metric": "topconf", "threshold": [0.0, 0.2, 0.4, 0.6, 0.8, 1.0], "latency": [890.5230823878301, 2169.6428926189, 4452.125660484911, 6934.815396044774, 9739.768715038816, 16739.917514492852], "server": [    0,   807,  2247,  3814,  5583, 10000], "s_acc": [   0,  506, 1549, 2788, 4262, 8458], "ms_acc": [   0,  172,  721, 1666, 2991, 7142], "m_acc": [7142, 6970, 6421, 5476, 4151,    0]}
{"metric": "bvsb", "threshold": [0.0, 0.2, 0.4, 0.6, 0.8, 1.0], "latency": [890.5230823878301, 4476.3083142848955, 6425.807644245804, 8169.447984357808, 10565.458693628869, 16739.917514492852], "server": [    0,  2262,  3493,  4592,  6104, 10000], "s_acc": [   0, 1567, 2510, 3388, 4719, 8458], "ms_acc": [   0,  727, 1413, 2168, 3423, 7142], "m_acc": [7142, 6415, 5729, 4974, 3719,    0]}
{"metric": "entropy", "threshold": [0.0, 0.2, 0.4, 0.6, 0.8, 1.0], "latency": [890.5230823878301, 1704.9995370698416, 2661.8815341817935, 3554.362399910795, 4476.918002632796, 5294.342307614788], "server": [   0,  513, 1117, 1681, 2263, 2779], "s_acc": [   0,  505, 1095, 1638, 2195, 2675], "ms_acc": [   0,  505, 1095, 1634, 2184, 2657], "m_acc": [7142, 6637, 6047, 5508, 4958, 4485]}
{"metric": "gini", "threshold": [0.0, 0.2, 0.4, 0.6, 0.8, 1.0], "latency": [890.5230823878301, 5788.58707175079, 8445.090487868849, 10805.310881567846, 13378.162532460785, 16739.917514492852], "server": [    0,  3091,  4766,  6255,  7879, 10000], "s_acc": [   0, 2998, 4491, 5716, 6984, 8458], "ms_acc": [   0, 2983, 4424, 5499, 6440, 7142], "m_acc": [7142, 4159, 2718, 1643,  702,    0]}
-------------------------------
{"metric": "topconf", "threshold": [0.0, 0.2, 0.4, 0.6, 0.8, 1.0], "latency": [889.6741814368943, 2095.405030884962, 4390.1713710180775, 6770.8629694180345, 9608.035445448142, 16686.38258608387], "server": [    0,   764,  2217,  3724,  5519, 10000], "s_acc": [   0,  508, 1540, 2662, 4171, 8428], "ms_acc": [   0,  155,  718, 1586, 2987, 7207], "m_acc": [7207, 7052, 6489, 5621, 4220,    0]}
{"metric": "bvsb", "threshold": [0.0, 0.2, 0.4, 0.6, 0.8, 1.0], "latency": [889.6741814368943, 4359.993906919073, 6266.265807817006, 8026.745515694922, 10466.347290645142, 16686.38258608387], "server": [    0,  2198,  3405,  4519,  6062, 10000], "s_acc": [   0, 1519, 2424, 3300, 4644, 8428], "ms_acc": [   0,  709, 1384, 2157, 3449, 7207], "m_acc": [7207, 6498, 5823, 5050, 3758,    0]}
{"metric": "entropy", "threshold": [0.0, 0.2, 0.4, 0.6, 0.8, 1.0], "latency": [889.6741814368943, 1698.3390754509019, 2643.5011376749826, 3527.799272408847, 4485.824234147694, 5333.394418886739], "server": [   0,  512, 1110, 1670, 2276, 2813], "s_acc": [   0,  503, 1088, 1627, 2213, 2701], "ms_acc": [   0,  503, 1087, 1622, 2205, 2687], "m_acc": [7207, 6704, 6120, 5585, 5002, 4520]}
{"metric": "gini", "threshold": [0.0, 0.2, 0.4, 0.6, 0.8, 1.0], "latency": [889.6741814368943, 5827.404925726696, 8532.24600793972, 10930.266695667815, 13416.181539350684, 16686.38258608387], "server": [    0,  3126,  4838,  6356,  7929, 10000], "s_acc": [   0, 3017, 4554, 5812, 6982, 8428], "ms_acc": [   0, 3002, 4507, 5649, 6531, 7207], "m_acc": [7207, 4205, 2700, 1558,  676,    0]}
-------------------------------
{"metric": "topconf", "threshold": [0.0, 0.2, 0.4, 0.6, 0.8, 1.0], "latency": [440.65934677120094, 1048.7807021992558, 2199.503558082113, 3446.863826228204, 4838.138358639328, 8331.830313032333], "server": [   0,  386, 1115, 1905, 2787, 5000], "s_acc": [   0,  258,  749, 1350, 2079, 4167], "ms_acc": [   0,   89,  357,  831, 1494, 3571], "m_acc": [3571, 3482, 3214, 2740, 2077,    0]}
{"metric": "bvsb", "threshold": [0.0, 0.2, 0.4, 0.6, 0.8, 1.0], "latency": [440.65934677120094, 2213.026668425089, 3179.7500404001403, 4067.674367226202, 5268.488247479334, 8331.830313032333], "server": [   0, 1123, 1736, 2298, 3059, 5000], "s_acc": [   0,  763, 1193, 1654, 2315, 4167], "ms_acc": [   0,  363,  707, 1088, 1725, 3571], "m_acc": [3571, 3208, 2864, 2483, 1846,    0]}
{"metric": "entropy", "threshold": [0.0, 0.2, 0.4, 0.6, 0.8, 1.0], "latency": [440.65934677120094, 806.4452495272417, 1259.9528425873068, 1761.9422581222607, 2195.6548781041784, 2624.857753484219], "server": [   0,  232,  519,  837, 1112, 1384], "s_acc": [   0,  227,  508,  812, 1072, 1320], "ms_acc": [   0,  227,  507,  812, 1073, 1319], "m_acc": [3571, 3344, 3064, 2759, 2498, 2252]}
{"metric": "gini", "threshold": [0.0, 0.2, 0.4, 0.6, 0.8, 1.0], "latency": [440.65934677120094, 2880.9675898252317, 4207.664154304257, 5390.740505604379, 6651.792091559313, 8331.830313032333], "server": [   0, 1546, 2386, 3136, 3935, 5000], "s_acc": [   0, 1486, 2233, 2833, 3455, 4167], "ms_acc": [   0, 1485, 2217, 2753, 3224, 3571], "m_acc": [3571, 2086, 1354,  818,  347,    0]}
-------------------------------