Metric Order: Top Confidence, BvSB, Entropy, Gini
{"metric": "topconf", "threshold": [0.0, 0.2, 0.4, 0.6, 0.8, 1.0], "latency": [2116.8549093479587, 2901.010385003983, 4987.118703279986, 8030.3199937739855, 11422.444124502974, 22867.388735241835], "server": [    0,   378,  1384,  2851,  4484, 10000], "s_acc": [   0,  246,  893, 1949, 3269, 8518], "ms_acc": [   0,   62,  390, 1141, 2298, 7471], "m_acc": [7471, 7409, 7081, 6330, 5173,    0]}
{"metric": "bvsb", "threshold": [0.0, 0.2, 0.4, 0.6, 0.8, 1.0], "latency": [2116.8549093479587, 5549.684406994003, 7642.231477914981, 9658.449707170963, 12652.49585888096, 22867.388735241835], "server": [    0,  1655,  2664,  3636,  5077, 10000], "s_acc": [   0, 1091, 1813, 2557, 3790, 8518], "ms_acc": [   0,  548, 1054, 1642, 2789, 7471], "m_acc": [7471, 6923, 6417, 5829, 4682,    0]}
{"metric": "entropy", "threshold": [0.0, 0.2, 0.4, 0.6, 0.8, 1.0], "latency": [2116.8549093479587, 2332.440020010953, 2691.000498976936, 3473.371218562924, 4645.330847796871, 6341.043852296915], "server": [   0,  104,  277,  654, 1219, 2036], "s_acc": [   0,  102,  268,  634, 1177, 1973], "ms_acc": [   0,  102,  268,  632, 1168, 1963], "m_acc": [7471, 7369, 7203, 6839, 6303, 5508]}
{"metric": "gini", "threshold": [0.0, 0.2, 0.4, 0.6, 0.8, 1.0], "latency": [2116.8549093479587, 9676.691662861855, 14248.971293156832, 17250.853329916838, 20303.354422637825, 22867.388735241835], "server": [    0,  3643,  5845,  7292,  8764, 10000], "s_acc": [   0, 3527, 5529, 6674, 7710, 8518], "ms_acc": [   0, 3512, 5442, 6413, 7125, 7471], "m_acc": [7471, 3959, 2029, 1058,  346,    0]}
-------------------------------
{"metric": "topconf", "threshold": [0.0, 0.2, 0.4, 0.6, 0.8, 1.0], "latency": [2117.6995182471765, 2883.2510852821288, 5042.063032790047, 7933.630861868114, 11350.385040939283, 22917.97489217333], "server": [    0,   368,  1406,  2797,  4440, 10000], "s_acc": [   0,  210,  888, 1874, 3186, 8458], "ms_acc": [   0,   55,  383, 1060, 2216, 7427], "m_acc": [7427, 7372, 7044, 6367, 5211,    0]}
{"metric": "bvsb", "threshold": [0.0, 0.2, 0.4, 0.6, 0.8, 1.0], "latency": [2117.6995182471765, 5571.30924062409, 7676.155033511084, 9649.493064653136, 12393.429322810338, 22917.97489217333], "server": [    0,  1661,  2673,  3622,  4941, 10000], "s_acc": [   0, 1053, 1780, 2519, 3621, 8458], "ms_acc": [   0,  518, 1003, 1614, 2637, 7427], "m_acc": [7427, 6909, 6424, 5813, 4790,    0]}
{"metric": "entropy", "threshold": [0.0, 0.2, 0.4, 0.6, 0.8, 1.0], "latency": [2117.6995182471765, 2383.7777728081783, 2828.595293576145, 3596.231939018162, 4852.087395076131, 6503.926896616136], "server": [   0,  128,  342,  710, 1314, 2108], "s_acc": [   0,  124,  335,  692, 1276, 2032], "ms_acc": [   0,  123,  334,  687, 1267, 2020], "m_acc": [7427, 7304, 7093, 6740, 6160, 5407]}
{"metric": "gini", "threshold": [0.0, 0.2, 0.4, 0.6, 0.8, 1.0], "latency": [2117.6995182471765, 9824.705549903269, 14378.686066115264, 17426.32483252045, 20374.347182211433, 22917.97489217333], "server": [    0,  3704,  5893,  7359,  8777, 10000], "s_acc": [   0, 3582, 5542, 6681, 7692, 8458], "ms_acc": [   0, 3566, 5460, 6438, 7111, 7427], "m_acc": [7427, 3861, 1967,  989,  316,    0]}
-------------------------------
{"metric": "topconf", "threshold": [0.0, 0.2, 0.4, 0.6, 0.8, 1.0], "latency": [2115.7355661293623, 2912.2304172432923, 4928.568609602284, 7753.4343394402895, 11220.985918804487, 22864.457423631677], "server": [    0,   384,  1356,  2717,  4388, 10000], "s_acc": [   0,  217,  832, 1769, 3107, 8428], "ms_acc": [   0,   55,  357, 1036, 2212, 7460], "m_acc": [7460, 7405, 7103, 6424, 5248,    0]}
{"metric": "bvsb", "threshold": [0.0, 0.2, 0.4, 0.6, 0.8, 1.0], "latency": [2115.7355661293623, 5391.738506233334, 7494.800766057364, 9440.504530155376, 12353.790074210498, 22864.457423631677], "server": [    0,  1579,  2592,  3530,  4934, 10000], "s_acc": [   0,  983, 1683, 2389, 3580, 8428], "ms_acc": [   0,  480,  987, 1565, 2658, 7460], "m_acc": [7460, 6980, 6473, 5895, 4802,    0]}
{"metric": "entropy", "threshold": [0.0, 0.2, 0.4, 0.6, 0.8, 1.0], "latency": [2115.7355661293623, 2329.500063673382, 2762.889406951428, 3605.263133973487, 4824.72870736949, 6452.588362587616], "server": [   0,  103,  312,  718, 1306, 2090], "s_acc": [   0,  101,  303,  699, 1264, 2025], "ms_acc": [   0,  101,  303,  695, 1253, 2010], "m_acc": [7460, 7359, 7157, 6765, 6207, 5450]}
{"metric": "gini", "threshold": [0.0, 0.2, 0.4, 0.6, 0.8, 1.0], "latency": [2115.7355661293623, 9772.046558347654, 14497.736749389565, 17546.581304152794, 20406.550936315813, 22864.457423631677], "server": [    0,  3690,  5968,  7437,  8815, 10000], "s_acc": [   0, 3571, 5628, 6779, 7700, 8428], "ms_acc": [   0, 3550, 5525, 6513, 7168, 7460], "m_acc": [7460, 3910, 1935,  947,  292,    0]}
-------------------------------
{"metric": "topconf", "threshold": [0.0, 0.2, 0.4, 0.6, 0.8, 1.0], "latency": [1059.5527920941386, 1481.058902530087, 2566.8304096601205, 3981.202421061287, 5656.357459515464, 11442.97419483459], "server": [   0,  203,  726, 1407, 2213, 5000], "s_acc": [   0,  120,  439,  889, 1527, 4167], "ms_acc": [   0,   32,  179,  510, 1075, 3694], "m_acc": [3694, 3662, 3515, 3184, 2619,    0]}
{"metric": "bvsb", "threshold": [0.0, 0.2, 0.4, 0.6, 0.8, 1.0], "latency": [1059.5527920941386, 2753.7738624601043, 3821.8225847854046, 4784.727713067448, 6186.183203373541, 11442.97419483459], "server": [   0,  816, 1330, 1793, 2468, 5000], "s_acc": [   0,  498,  832, 1181, 1749, 4167], "ms_acc": [   0,  237,  476,  763, 1286, 3694], "m_acc": [3694, 3457, 3218, 2931, 2408,    0]}
{"metric": "entropy", "threshold": [0.0, 0.2, 0.4, 0.6, 0.8, 1.0], "latency": [1059.5527920941386, 1171.4816201301874, 1364.3941658392578, 1725.5784503933683, 2336.0192539274285, 3150.6040865383693], "server": [   0,   54,  147,  321,  615, 1007], "s_acc": [  0,  53, 146, 315, 596, 968], "ms_acc": [  0,  53, 146, 311, 592, 963], "m_acc": [3694, 3641, 3548, 3383, 3102, 2731]}
{"metric": "gini", "threshold": [0.0, 0.2, 0.4, 0.6, 0.8, 1.0], "latency": [1059.5527920941386, 4892.506686594381, 7186.56671131232, 8657.178017943545, 10082.862714112503, 11442.97419483459], "server": [   0, 1846, 2951, 3659, 4345, 5000], "s_acc": [   0, 1780, 2774, 3316, 3774, 4167], "ms_acc": [   0, 1774, 2750, 3216, 3533, 3694], "m_acc": [3694, 1920,  944,  478,  161,    0]}
-------------------------------