Metric Order: Top Confidence, BvSB, Entropy, Gini
{"metric": "topconf", "threshold": [0.0, 0.2, 0.4, 0.6, 0.8, 1.0], "latency": [2321.1833354760997, 3137.574838725103, 5310.238861175082, 8476.522852856131, 12007.052880034124, 23905.978462840194], "server": [    0,   378,  1384,  2851,  4484, 10000], "s_acc": [   0,  197,  778, 1768, 3036, 8263], "ms_acc": [   0,   62,  390, 1141, 2298, 7471], "m_acc": [7471, 7409, 7081, 6330, 5173,    0]}
{"metric": "bvsb", "threshold": [0.0, 0.2, 0.4, 0.6, 0.8, 1.0], "latency": [2321.1833354760997, 5894.1524935651, 8072.466306249149, 10171.279444607158, 13287.766973155132, 23905.978462840194], "server": [    0,  1655,  2664,  3636,  5077, 10000], "s_acc": [   0,  970, 1633, 2344, 3547, 8263], "ms_acc": [   0,  548, 1054, 1642, 2789, 7471], "m_acc": [7471, 6923, 6417, 5829, 4682,    0]}
{"metric": "entropy", "threshold": [0.0, 0.2, 0.4, 0.6, 0.8, 1.0], "latency": [2321.1833354760997, 2545.4953280120903, 2917.7727667310946, 3729.931007573102, 4949.012643029073, 6711.5073839461165], "server": [   0,  104,  277,  654, 1219, 2036], "s_acc": [   0,  102,  268,  634, 1176, 1971], "ms_acc": [   0,  102,  268,  632, 1168, 1963], "m_acc": [7471, 7369, 7203, 6839, 6303, 5508]}
{"metric": "gini", "threshold": [0.0, 0.2, 0.4, 0.6, 0.8, 1.0], "latency": [2321.1833354760997, 10176.263440540113, 14937.132195629145, 18060.21357018818, 21235.623900989223, 23905.978462840194], "server": [    0,  3643,  5845,  7292,  8764, 10000], "s_acc": [   0, 3524, 5506, 6596, 7567, 8263], "ms_acc": [   0, 3512, 5442, 6413, 7125, 7471], "m_acc": [7471, 3959, 2029, 1058,  346,    0]}
-------------------------------
{"metric": "topconf", "threshold": [0.0, 0.2, 0.4, 0.6, 0.8, 1.0], "latency": [2054.7325661870273, 2801.704465671042, 4915.2538572070835, 7736.586870565061, 11069.995465502067, 22350.538558766006], "server": [    0,   368,  1406,  2797,  4440, 10000], "s_acc": [   0,  189,  810, 1751, 3016, 8268], "ms_acc": [   0,   55,  383, 1060, 2216, 7427], "m_acc": [7427, 7372, 7044, 6367, 5211,    0]}
{"metric": "bvsb", "threshold": [0.0, 0.2, 0.4, 0.6, 0.8, 1.0], "latency": [2054.7325661870273, 5424.877111392073, 7485.004894983068, 9410.185745634077, 12086.781431807034, 22350.538558766006], "server": [    0,  1661,  2673,  3622,  4941, 10000], "s_acc": [   0,  985, 1661, 2377, 3443, 8268], "ms_acc": [   0,  518, 1003, 1614, 2637, 7427], "m_acc": [7427, 6909, 6424, 5813, 4790,    0]}
{"metric": "entropy", "threshold": [0.0, 0.2, 0.4, 0.6, 0.8, 1.0], "latency": [2054.7325661870273, 2314.225961300033, 2748.2355036650315, 3495.1634460080027, 4720.728646764002, 6331.701326911001], "server": [   0,  128,  342,  710, 1314, 2108], "s_acc": [   0,  123,  333,  688, 1273, 2030], "ms_acc": [   0,  123,  334,  687, 1267, 2020], "m_acc": [7427, 7304, 7093, 6740, 6160, 5407]}
{"metric": "gini", "threshold": [0.0, 0.2, 0.4, 0.6, 0.8, 1.0], "latency": [2054.7325661870273, 9568.583253548039, 14010.921787935993, 16985.46131297197, 19860.738401515973, 22350.538558766006], "server": [    0,  3704,  5893,  7359,  8777, 10000], "s_acc": [   0, 3582, 5519, 6615, 7567, 8268], "ms_acc": [   0, 3566, 5460, 6438, 7111, 7427], "m_acc": [7427, 3861, 1967,  989,  316,    0]}
-------------------------------
{"metric": "topconf", "threshold": [0.0, 0.2, 0.4, 0.6, 0.8, 1.0], "latency": [2080.0041407309996, 2856.5027182289687, 4821.892480203907, 7574.940699240933, 10955.325463099993, 22317.092279744007], "server": [    0,   384,  1356,  2717,  4388, 10000], "s_acc": [   0,  179,  756, 1649, 2964, 8259], "ms_acc": [   0,   55,  357, 1036, 2212, 7460], "m_acc": [7460, 7405, 7103, 6424, 5248,    0]}
{"metric": "bvsb", "threshold": [0.0, 0.2, 0.4, 0.6, 0.8, 1.0], "latency": [2080.0041407309996, 5273.6452728589375, 7322.349626388941, 9220.155214935954, 12060.325698056959, 22317.092279744007], "server": [    0,  1579,  2592,  3530,  4934, 10000], "s_acc": [   0,  916, 1567, 2261, 3428, 8259], "ms_acc": [   0,  480,  987, 1565, 2658, 7460], "m_acc": [7460, 6980, 6473, 5895, 4802,    0]}
{"metric": "entropy", "threshold": [0.0, 0.2, 0.4, 0.6, 0.8, 1.0], "latency": [2080.0041407309996, 2287.8870344399875, 2710.5339084679895, 3532.3489016460017, 4720.981401964995, 6312.351410408028], "server": [   0,  103,  312,  718, 1306, 2090], "s_acc": [   0,  101,  302,  695, 1257, 2017], "ms_acc": [   0,  101,  303,  695, 1253, 2010], "m_acc": [7460, 7359, 7157, 6765, 6207, 5450]}
{"metric": "gini", "threshold": [0.0, 0.2, 0.4, 0.6, 0.8, 1.0], "latency": [2080.0041407309996, 9548.751334696004, 14161.756119918033, 17133.621155849087, 19920.96129235108, 22317.092279744007], "server": [    0,  3690,  5968,  7437,  8815, 10000], "s_acc": [   0, 3560, 5594, 6716, 7607, 8259], "ms_acc": [   0, 3550, 5525, 6513, 7168, 7460], "m_acc": [7460, 3910, 1935,  947,  292,    0]}
-------------------------------
{"metric": "topconf", "threshold": [0.0, 0.2, 0.4, 0.6, 0.8, 1.0], "latency": [1117.3661220659765, 1541.549936661989, 2641.6197051519857, 4066.277507134987, 5752.33973887201, 11582.692459083992], "server": [   0,  203,  726, 1407, 2213, 5000], "s_acc": [   0,   97,  407,  837, 1460, 4107], "ms_acc": [   0,   32,  179,  510, 1075, 3694], "m_acc": [3694, 3662, 3515, 3184, 2619,    0]}
{"metric": "bvsb", "threshold": [0.0, 0.2, 0.4, 0.6, 0.8, 1.0], "latency": [1117.3661220659765, 2830.615307476967, 3905.3861557489968, 4874.368819982996, 6285.110375453016, 11582.692459083992], "server": [   0,  816, 1330, 1793, 2468, 5000], "s_acc": [   0,  462,  791, 1122, 1681, 4107], "ms_acc": [   0,  237,  476,  763, 1286, 3694], "m_acc": [3694, 3457, 3218, 2931, 2408,    0]}
{"metric": "entropy", "threshold": [0.0, 0.2, 0.4, 0.6, 0.8, 1.0], "latency": [1117.3661220659765, 1230.2780491019778, 1424.950734860984, 1789.351556213982, 2403.64350429997, 3224.4108525839583], "server": [   0,   54,  147,  321,  615, 1007], "s_acc": [  0,  53, 145, 313, 596, 969], "ms_acc": [  0,  53, 146, 311, 592, 963], "m_acc": [3694, 3641, 3548, 3383, 3102, 2731]}
{"metric": "gini", "threshold": [0.0, 0.2, 0.4, 0.6, 0.8, 1.0], "latency": [1117.3661220659765, 4979.893571501949, 7290.456863582969, 8771.887509624981, 10206.746090006982, 11582.692459083992], "server": [   0, 1846, 2951, 3659, 4345, 5000], "s_acc": [   0, 1783, 2782, 3303, 3744, 4107], "ms_acc": [   0, 1774, 2750, 3216, 3533, 3694], "m_acc": [3694, 1920,  944,  478,  161,    0]}
-------------------------------