Metric Order: Top Confidence, BvSB, Entropy, Gini
{"metric": "topconf", "threshold": [0.0, 0.2, 0.4, 0.6, 0.8, 1.0], "latency": [1205.3265627100322, 2767.157012650012, 5799.2772211990105, 9045.809603386066, 12749.995887599092, 21652.086744796103], "server": [    0,   764,  2246,  3834,  5646, 10000], "s_acc": [   0,  448, 1435, 2613, 4123, 8263], "ms_acc": [   0,  172,  737, 1683, 3093, 7209], "m_acc": [7209, 7037, 6472, 5526, 4116,    0]}
{"metric": "bvsb", "threshold": [0.0, 0.2, 0.4, 0.6, 0.8, 1.0], "latency": [1205.3265627100322, 5872.69594689201, 8409.92042308901, 10685.351696198084, 13835.074829821122, 21652.086744796103], "server": [    0,  2282,  3523,  4636,  6174, 10000], "s_acc": [   0, 1466, 2362, 3225, 4581, 8263], "ms_acc": [   0,  759, 1467, 2240, 3540, 7209], "m_acc": [7209, 6450, 5742, 4969, 3669,    0]}
{"metric": "entropy", "threshold": [0.0, 0.2, 0.4, 0.6, 0.8, 1.0], "latency": [1205.3265627100322, 2180.994687120035, 3334.442069759973, 4483.160594017971, 5624.776727775972, 6628.791077002008], "server": [   0,  477, 1042, 1604, 2163, 2655], "s_acc": [   0,  472, 1018, 1553, 2081, 2548], "ms_acc": [   0,  469, 1012, 1550, 2080, 2540], "m_acc": [7209, 6740, 6197, 5659, 5129, 4669]}
{"metric": "gini", "threshold": [0.0, 0.2, 0.4, 0.6, 0.8, 1.0], "latency": [1205.3265627100322, 7305.5847003709805, 10833.323330061025, 13966.650816481064, 17333.537201269144, 21652.086744796103], "server": [    0,  2986,  4709,  6242,  7889, 10000], "s_acc": [   0, 2887, 4441, 5688, 6908, 8263], "ms_acc": [   0, 2877, 4416, 5541, 6497, 7209], "m_acc": [7209, 4332, 2793, 1668,  712,    0]}
-------------------------------
{"metric": "topconf", "threshold": [0.0, 0.2, 0.4, 0.6, 0.8, 1.0], "latency": [1361.103591962905, 3268.772000646928, 6665.924133692922, 10356.345504000938, 14527.531551078902, 24934.515349991983], "server": [    0,   807,  2247,  3814,  5583, 10000], "s_acc": [   0,  473, 1420, 2631, 4081, 8268], "ms_acc": [   0,  172,  721, 1666, 2991, 7142], "m_acc": [7142, 6970, 6421, 5476, 4151,    0]}
{"metric": "bvsb", "threshold": [0.0, 0.2, 0.4, 0.6, 0.8, 1.0], "latency": [1361.103591962905, 6698.315510453924, 9602.627322599898, 12195.71829003488, 15752.597001166923, 24934.515349991983], "server": [    0,  2262,  3493,  4592,  6104, 10000], "s_acc": [   0, 1457, 2353, 3215, 4533, 8268], "ms_acc": [   0,  727, 1413, 2168, 3423, 7142], "m_acc": [7142, 6415, 5729, 4974, 3719,    0]}
{"metric": "entropy", "threshold": [0.0, 0.2, 0.4, 0.6, 0.8, 1.0], "latency": [1361.103591962905, 2579.9815829039144, 4001.5875723238914, 5338.429925270914, 6707.926605359942, 7917.439448906951], "server": [   0,  513, 1117, 1681, 2263, 2779], "s_acc": [   0,  506, 1096, 1636, 2190, 2673], "ms_acc": [   0,  505, 1095, 1634, 2184, 2657], "m_acc": [7142, 6637, 6047, 5508, 4958, 4485]}
{"metric": "gini", "threshold": [0.0, 0.2, 0.4, 0.6, 0.8, 1.0], "latency": [1361.103591962905, 8647.108028948958, 12584.952508326005, 16097.921598352965, 19932.316994615958, 24934.515349991983], "server": [    0,  3091,  4766,  6255,  7879, 10000], "s_acc": [   0, 2994, 4480, 5678, 6921, 8268], "ms_acc": [   0, 2983, 4424, 5499, 6440, 7142], "m_acc": [7142, 4159, 2718, 1643,  702,    0]}
-------------------------------
{"metric": "topconf", "threshold": [0.0, 0.2, 0.4, 0.6, 0.8, 1.0], "latency": [1256.3239277240205, 2838.976907360987, 5847.97589118595, 8965.879690488018, 12685.108237689074, 21978.140154070123], "server": [    0,   764,  2217,  3724,  5519, 10000], "s_acc": [   0,  474, 1428, 2526, 4015, 8259], "ms_acc": [   0,  155,  718, 1586, 2987, 7207], "m_acc": [7207, 7052, 6489, 5621, 4220,    0]}
{"metric": "bvsb", "threshold": [0.0, 0.2, 0.4, 0.6, 0.8, 1.0], "latency": [1256.3239277240205, 5809.626843111937, 8306.88191062795, 10611.438353812031, 13812.050683768077, 21978.140154070123], "server": [    0,  2198,  3405,  4519,  6062, 10000], "s_acc": [   0, 1423, 2290, 3155, 4486, 8259], "ms_acc": [   0,  709, 1384, 2157, 3449, 7207], "m_acc": [7207, 6498, 5823, 5050, 3758,    0]}
{"metric": "entropy", "threshold": [0.0, 0.2, 0.4, 0.6, 0.8, 1.0], "latency": [1256.3239277240205, 2318.3704808030193, 3556.2088742950127, 4717.103018983993, 5972.854513103026, 7087.725178919025], "server": [   0,  512, 1110, 1670, 2276, 2813], "s_acc": [   0,  502, 1085, 1620, 2206, 2691], "ms_acc": [   0,  503, 1087, 1622, 2205, 2687], "m_acc": [7207, 6704, 6120, 5585, 5002, 4520]}
{"metric": "gini", "threshold": [0.0, 0.2, 0.4, 0.6, 0.8, 1.0], "latency": [1256.3239277240205, 7735.079748965067, 11290.578621709075, 14433.446320538098, 17689.348536868198, 21978.140154070123], "server": [    0,  3126,  4838,  6356,  7929, 10000], "s_acc": [   0, 3010, 4539, 5777, 6914, 8259], "ms_acc": [   0, 3002, 4507, 5649, 6531, 7207], "m_acc": [7207, 4205, 2700, 1558,  676,    0]}
-------------------------------
{"metric": "topconf", "threshold": [0.0, 0.2, 0.4, 0.6, 0.8, 1.0], "latency": [626.1608815650271, 1424.2678846070355, 2928.920415641025, 4559.217627327014, 6385.676957148998, 10952.54963302601], "server": [   0,  386, 1115, 1905, 2787, 5000], "s_acc": [   0,  230,  704, 1287, 2012, 4107], "ms_acc": [   0,   89,  357,  831, 1494, 3571], "m_acc": [3571, 3482, 3214, 2740, 2077,    0]}
{"metric": "bvsb", "threshold": [0.0, 0.2, 0.4, 0.6, 0.8, 1.0], "latency": [626.1608815650271, 2945.0368854620274, 4211.642758906014, 5376.047083714006, 6946.9654310219885, 10952.54963302601], "server": [   0, 1123, 1737, 2298, 3059, 5000], "s_acc": [   0,  705, 1143, 1587, 2249, 4107], "ms_acc": [   0,  363,  708, 1088, 1725, 3571], "m_acc": [3571, 3208, 2863, 2483, 1846,    0]}
{"metric": "entropy", "threshold": [0.0, 0.2, 0.4, 0.6, 0.8, 1.0], "latency": [626.1608815650271, 1105.3103318510414, 1696.949009559049, 2353.5000987470507, 2921.1629422810415, 3482.6617246850406], "server": [   0,  232,  519,  837, 1112, 1384], "s_acc": [   0,  227,  507,  815, 1077, 1326], "ms_acc": [   0,  227,  507,  812, 1073, 1319], "m_acc": [3571, 3344, 3064, 2759, 2498, 2252]}
{"metric": "gini", "threshold": [0.0, 0.2, 0.4, 0.6, 0.8, 1.0], "latency": [626.1608815650271, 3816.521768605039, 5550.401838101031, 7097.4790539370115, 8752.672970282003, 10952.54963302601], "server": [   0, 1546, 2386, 3136, 3935, 5000], "s_acc": [   0, 1494, 2243, 2836, 3437, 4107], "ms_acc": [   0, 1485, 2217, 2753, 3224, 3571], "m_acc": [3571, 2086, 1354,  818,  347,    0]}
-------------------------------