Metric Order: Top Confidence, BvSB, Entropy, Gini
{"metric": "topconf", "threshold": [0.0, 0.2, 0.4, 0.6, 0.8, 1.0], "latency": [2991.528742070004, 3443.933268786007, 4858.9691216569745, 7215.152669709001, 10812.46497258795, 20610.361677143], "server": [    0,   257,  1060,  2398,  4440, 10000], "s_acc": [   0,   81,  459, 1257, 2910, 8263], "ms_acc": [   0,   53,  365, 1129, 2810, 8182], "m_acc": [8182, 8129, 7817, 7053, 5372,    0]}
{"metric": "bvsb", "threshold": [0.0, 0.2, 0.4, 0.6, 0.8, 1.0], "latency": [2991.528742070004, 5112.692953675996, 6701.043871668999, 8384.598845277946, 11746.179540749943, 20610.361677143], "server": [    0,  1204,  2106,  3062,  4970, 10000], "s_acc": [   0,  547, 1057, 1735, 3378, 8263], "ms_acc": [   0,  440,  925, 1613, 3285, 8182], "m_acc": [8182, 7742, 7257, 6569, 4897,    0]}
{"metric": "entropy", "threshold": [0.0, 0.2, 0.4, 0.6, 0.8, 1.0], "latency": [2991.528742070004, 3012.718758420006, 3106.173935527006, 3324.584404908009, 3756.7399791060025, 4401.191373787988], "server": [  0,  12,  65, 189, 431, 797], "s_acc": [  0,  12,  63, 185, 421, 779], "ms_acc": [  0,  12,  63, 185, 423, 784], "m_acc": [8182, 8170, 8119, 7997, 7759, 7398]}
{"metric": "gini", "threshold": [0.0, 0.2, 0.4, 0.6, 0.8, 1.0], "latency": [2991.528742070004, 6724.181437586007, 13665.203818152053, 16454.00579098102, 18986.189741817027, 20610.361677143], "server": [    0,  2116,  6057,  7640,  9078, 10000], "s_acc": [   0, 2062, 5801, 7021, 7883, 8263], "ms_acc": [   0, 2071, 5827, 7056, 7874, 8182], "m_acc": [8182, 6111, 2355, 1126,  308,    0]}
-------------------------------
{"metric": "topconf", "threshold": [0.0, 0.2, 0.4, 0.6, 0.8, 1.0], "latency": [2948.591832282931, 3399.3275704119405, 4847.078429267927, 7058.180992439, 10697.170255245026, 20358.170855038235], "server": [    0,   259,  1091,  2361,  4451, 10000], "s_acc": [   0,   81,  490, 1245, 2921, 8268], "ms_acc": [   0,   57,  374, 1093, 2788, 8156], "m_acc": [8156, 8099, 7782, 7063, 5368,    0]}
{"metric": "bvsb", "threshold": [0.0, 0.2, 0.4, 0.6, 0.8, 1.0], "latency": [2948.591832282931, 5087.665136061922, 6610.5544140529855, 8316.09826969295, 11565.552888378003, 20358.170855038235], "server": [    0,  1229,  2104,  3083,  4950, 10000], "s_acc": [   0,  588, 1075, 1760, 3360, 8268], "ms_acc": [   0,  454,  927, 1610, 3234, 8156], "m_acc": [8156, 7702, 7229, 6546, 4922,    0]}
{"metric": "entropy", "threshold": [0.0, 0.2, 0.4, 0.6, 0.8, 1.0], "latency": [2948.591832282931, 2972.9546323279137, 3072.2335383969257, 3296.677015648911, 3697.4215738309467, 4357.627404550964], "server": [  0,  14,  71, 200, 430, 809], "s_acc": [  0,  13,  68, 194, 417, 789], "ms_acc": [  0,  13,  69, 195, 420, 792], "m_acc": [8156, 8143, 8087, 7961, 7736, 7364]}
{"metric": "gini", "threshold": [0.0, 0.2, 0.4, 0.6, 0.8, 1.0], "latency": [2948.591832282931, 6743.961658558092, 13486.844463101235, 16255.110785885154, 18673.65885327721, 20358.170855038235], "server": [    0,  2180,  6053,  7643,  9032, 10000], "s_acc": [   0, 2133, 5792, 7006, 7843, 8268], "ms_acc": [   0, 2136, 5820, 7046, 7828, 8156], "m_acc": [8156, 6020, 2336, 1110,  328,    0]}
-------------------------------
{"metric": "topconf", "threshold": [0.0, 0.2, 0.4, 0.6, 0.8, 1.0], "latency": [2961.1791983334697, 3398.8553701894125, 4794.457380177453, 7045.53823089441, 10747.638455472072, 20397.203937265112], "server": [    0,   251,  1052,  2343,  4466, 10000], "s_acc": [   0,   88,  465, 1252, 2965, 8259], "ms_acc": [   0,   45,  363, 1127, 2856, 8172], "m_acc": [8172, 8127, 7809, 7045, 5316,    0]}
{"metric": "bvsb", "threshold": [0.0, 0.2, 0.4, 0.6, 0.8, 1.0], "latency": [2961.1791983334697, 5113.210992924483, 6575.018174863399, 8238.564319034223, 11610.454713053114, 20397.203937265112], "server": [    0,  1235,  2073,  3027,  4961, 10000], "s_acc": [   0,  582, 1065, 1764, 3401, 8259], "ms_acc": [   0,  463,  934, 1633, 3293, 8172], "m_acc": [8172, 7709, 7238, 6539, 4879,    0]}
{"metric": "entropy", "threshold": [0.0, 0.2, 0.4, 0.6, 0.8, 1.0], "latency": [2961.1791983334697, 2983.782241406494, 3076.3073763074935, 3280.189643206504, 3653.253695835512, 4355.7806297424395], "server": [  0,  13,  66, 183, 397, 800], "s_acc": [  0,  12,  63, 176, 378, 766], "ms_acc": [  0,  12,  64, 178, 383, 773], "m_acc": [8172, 8160, 8108, 7994, 7789, 7399]}
{"metric": "gini", "threshold": [0.0, 0.2, 0.4, 0.6, 0.8, 1.0], "latency": [2961.1791983334697, 6712.314360341428, 13534.810938353476, 16331.89820551718, 18756.97268284217, 20397.203937265112], "server": [    0,  2152,  6064,  7668,  9059, 10000], "s_acc": [   0, 2078, 5743, 7003, 7849, 8259], "ms_acc": [   0, 2089, 5779, 7032, 7849, 8172], "m_acc": [8172, 6083, 2393, 1140,  323,    0]}
-------------------------------
{"metric": "topconf", "threshold": [0.0, 0.2, 0.4, 0.6, 0.8, 1.0], "latency": [1482.073051154337, 1699.6660992892575, 2399.6240742343507, 3574.7254235443324, 5403.444813566413, 10189.04022675821], "server": [   0,  125,  527, 1202, 2252, 5000], "s_acc": [   0,   34,  218,  614, 1468, 4107], "ms_acc": [   0,   24,  189,  556, 1414, 4064], "m_acc": [4064, 4040, 3875, 3508, 2650,    0]}
{"metric": "bvsb", "threshold": [0.0, 0.2, 0.4, 0.6, 0.8, 1.0], "latency": [1482.073051154337, 2505.7270927052887, 3343.3346412044048, 4156.522409558456, 5821.412346592479, 10189.04022675821], "server": [   0,  588, 1069, 1536, 2492, 5000], "s_acc": [   0,  268,  524,  854, 1682, 4107], "ms_acc": [   0,  222,  472,  796, 1628, 4064], "m_acc": [4064, 3842, 3592, 3268, 2436,    0]}
{"metric": "entropy", "threshold": [0.0, 0.2, 0.4, 0.6, 0.8, 1.0], "latency": [1482.073051154337, 1502.9452713243445, 1537.7786832183483, 1635.3938491002627, 1818.3278236632832, 2115.887886819197], "server": [  0,  12,  32,  88, 193, 364], "s_acc": [  0,  12,  32,  87, 188, 353], "ms_acc": [  0,  12,  32,  88, 189, 355], "m_acc": [4064, 4052, 4032, 3976, 3875, 3709]}
{"metric": "gini", "threshold": [0.0, 0.2, 0.4, 0.6, 0.8, 1.0], "latency": [1482.073051154337, 3343.835412576169, 6718.772009309221, 8108.654796643219, 9360.110732182147, 10189.04022675821], "server": [   0, 1069, 3007, 3805, 4524, 5000], "s_acc": [   0, 1038, 2872, 3485, 3928, 4107], "ms_acc": [   0, 1042, 2886, 3491, 3890, 4064], "m_acc": [4064, 3022, 1178,  573,  174,    0]}
-------------------------------