Metric Order: Top Confidence, BvSB, Entropy, Gini
{"metric": "topconf", "threshold": [0.0, 0.2, 0.4, 0.6, 0.8, 1.0], "latency": [5830.788196226873, 6586.9058476978325, 8548.7403209908, 11294.305413466776, 14659.517910898801, 29188.844204463756], "server": [   0,  323, 1162, 2336, 3772, 9983], "s_acc": [   0,  151,  616, 1358, 2414, 8246], "ms_acc": [   0,   63,  363,  983, 2009, 7832], "m_acc": [7849, 7786, 7486, 6866, 5840,   17]}
{"metric": "bvsb", "threshold": [0.0, 0.2, 0.4, 0.6, 0.8, 1.0], "latency": [5830.788196226873, 8890.456370265794, 10950.303922276744, 13004.394173429744, 15740.639144467794, 29226.37260910076], "server": [   0, 1308, 2189, 3067, 4234, 9999], "s_acc": [   0,  724, 1263, 1861, 2781, 8262], "ms_acc": [   0,  442,  893, 1458, 2366, 7848], "m_acc": [7.849e+03, 7.407e+03, 6.956e+03, 6.391e+03, 5.483e+03, 1.000e+00]}
{"metric": "entropy", "threshold": [0.0, 0.2, 0.4, 0.6, 0.8, 1.0], "latency": [5830.788196226873, 9206.546429456877, 11049.163435182843, 12841.552252369846, 14549.086132727853, 16181.126605792804], "server": [   0, 1442, 2230, 2996, 3726, 4424], "s_acc": [   0, 1412, 2160, 2882, 3558, 4198], "ms_acc": [   0, 1410, 2157, 2877, 3555, 4196], "m_acc": [7849, 6439, 5692, 4972, 4294, 3653]}
{"metric": "gini", "threshold": [0.0, 0.2, 0.4, 0.6, 0.8, 1.0], "latency": [5840.272177618874, 17501.590765588837, 21144.390000994852, 24110.99511791085, 26733.10742328683, 29228.687706025758], "server": [4.000e+00, 4.989e+03, 6.544e+03, 7.812e+03, 8.933e+03, 1.000e+04], "s_acc": [4.000e+00, 4.770e+03, 6.094e+03, 7.005e+03, 7.708e+03, 8.263e+03], "ms_acc": [4.000e+00, 4.768e+03, 6.090e+03, 6.937e+03, 7.515e+03, 7.849e+03], "m_acc": [7845, 3081, 1759,  912,  334,    0]}
-------------------------------
{"metric": "topconf", "threshold": [0.0, 0.2, 0.4, 0.6, 0.8, 1.0], "latency": [5822.940011391256, 6633.567670548269, 8643.669111453186, 11302.45324605723, 14706.829427500099, 29130.36977674972], "server": [   0,  347, 1208, 2347, 3805, 9982], "s_acc": [   0,  165,  634, 1383, 2468, 8250], "ms_acc": [   0,   75,  367,  947, 1978, 7741], "m_acc": [7759, 7684, 7392, 6812, 5781,   18]}
{"metric": "bvsb", "threshold": [0.0, 0.2, 0.4, 0.6, 0.8, 1.0], "latency": [5822.940011391256, 9036.938964158187, 10982.86816912821, 13039.715893266184, 15872.969589456068, 29172.333411334712], "server": [    0,  1376,  2210,  3091,  4304, 10000], "s_acc": [   0,  763, 1284, 1895, 2847, 8268], "ms_acc": [   0,  458,  855, 1419, 2352, 7759], "m_acc": [7759, 7301, 6904, 6340, 5407,    0]}
{"metric": "entropy", "threshold": [0.0, 0.2, 0.4, 0.6, 0.8, 1.0], "latency": [5822.940011391256, 9147.763730775172, 11082.583106682101, 12856.314955872102, 14548.99867935312, 16009.313148982146], "server": [   0, 1424, 2253, 3013, 3738, 4363], "s_acc": [   0, 1390, 2182, 2899, 3573, 4133], "ms_acc": [   0, 1389, 2178, 2895, 3562, 4113], "m_acc": [7759, 6370, 5581, 4864, 4197, 3646]}
{"metric": "gini", "threshold": [0.0, 0.2, 0.4, 0.6, 0.8, 1.0], "latency": [5832.218601168253, 17341.276113423086, 21037.407642332804, 24057.521882256708, 26564.357105704737, 29172.333411334712], "server": [4.000e+00, 4.933e+03, 6.516e+03, 7.809e+03, 8.883e+03, 1.000e+04], "s_acc": [4.000e+00, 4.715e+03, 6.059e+03, 6.986e+03, 7.681e+03, 8.268e+03], "ms_acc": [4.000e+00, 4.706e+03, 6.029e+03, 6.862e+03, 7.412e+03, 7.759e+03], "m_acc": [7755, 3053, 1730,  897,  347,    0]}
-------------------------------
{"metric": "topconf", "threshold": [0.0, 0.2, 0.4, 0.6, 0.8, 1.0], "latency": [5809.605161324398, 6659.42176108338, 8469.92697265809, 11101.060396288922, 14397.300752794661, 29049.561758691758], "server": [   0,  365, 1143, 2273, 3690, 9987], "s_acc": [   0,  177,  595, 1309, 2381, 8246], "ms_acc": [   0,   84,  370,  950, 1958, 7814], "m_acc": [7827, 7743, 7457, 6877, 5869,   13]}
{"metric": "bvsb", "threshold": [0.0, 0.2, 0.4, 0.6, 0.8, 1.0], "latency": [5809.605161324398, 8800.59361083217, 10774.756011229023, 12734.622761789891, 15545.541633150715, 29077.361321915756], "server": [   0, 1285, 2133, 2975, 4183, 9999], "s_acc": [   0,  715, 1218, 1816, 2776, 8258], "ms_acc": [   0,  447,  869, 1410, 2347, 7826], "m_acc": [7.827e+03, 7.380e+03, 6.958e+03, 6.417e+03, 5.480e+03, 1.000e+00]}
{"metric": "entropy", "threshold": [0.0, 0.2, 0.4, 0.6, 0.8, 1.0], "latency": [5809.605161324398, 9211.382968873513, 11025.85504598348, 12875.08022288025, 14619.71830037226, 16209.473451910046], "server": [   0, 1462, 2242, 3037, 3787, 4470], "s_acc": [   0, 1417, 2155, 2900, 3592, 4214], "ms_acc": [   0, 1416, 2155, 2901, 3590, 4209], "m_acc": [7827, 6411, 5672, 4926, 4237, 3618]}
{"metric": "gini", "threshold": [0.0, 0.2, 0.4, 0.6, 0.8, 1.0], "latency": [5818.8902670054085, 17504.19424979717, 21195.023799520415, 24116.363182669294, 26650.16964281902, 29079.67405732476], "server": [4.000e+00, 5.027e+03, 6.612e+03, 7.868e+03, 8.956e+03, 1.000e+04], "s_acc": [4.000e+00, 4.773e+03, 6.108e+03, 7.039e+03, 7.713e+03, 8.259e+03], "ms_acc": [4.000e+00, 4.774e+03, 6.102e+03, 6.947e+03, 7.484e+03, 7.827e+03], "m_acc": [7823, 3053, 1725,  880,  343,    0]}
-------------------------------
{"metric": "topconf", "threshold": [0.0, 0.2, 0.4, 0.6, 0.8, 1.0], "latency": [2892.4219600604556, 3357.0986031064094, 4312.210945916333, 5612.77404987051, 7250.278561063547, 14494.421127305264], "server": [   0,  200,  611, 1171, 1876, 4995], "s_acc": [   0,   82,  291,  643, 1174, 4102], "ms_acc": [   0,   41,  189,  476,  972, 3888], "m_acc": [3893, 3852, 3704, 3417, 2921,    5]}
{"metric": "bvsb", "threshold": [0.0, 0.2, 0.4, 0.6, 0.8, 1.0], "latency": [2892.4219600604556, 4458.369891040391, 5456.646899685467, 6446.153314737385, 7788.8786447615275, 14506.001504151238], "server": [   0,  674, 1104, 1530, 2108, 5000], "s_acc": [   0,  338,  601,  892, 1355, 4107], "ms_acc": [   0,  226,  441,  700, 1147, 3893], "m_acc": [3893, 3667, 3452, 3193, 2746,    0]}
{"metric": "entropy", "threshold": [0.0, 0.2, 0.4, 0.6, 0.8, 1.0], "latency": [2892.4219600604556, 4594.32269471632, 5539.128453880345, 6444.846316489507, 7262.439387830367, 8049.9901969731], "server": [   0,  733, 1140, 1530, 1882, 2221], "s_acc": [   0,  715, 1104, 1478, 1802, 2115], "ms_acc": [   0,  717, 1107, 1480, 1804, 2110], "m_acc": [3893, 3176, 2786, 2413, 2089, 1783]}
{"metric": "gini", "threshold": [0.0, 0.2, 0.4, 0.6, 0.8, 1.0], "latency": [2894.7172587174573, 8670.704970661216, 10522.580902701113, 11934.41553024824, 13200.196620986404, 14506.001504151238], "server": [1.000e+00, 2.488e+03, 3.285e+03, 3.893e+03, 4.438e+03, 5.000e+03], "s_acc": [1.000e+00, 2.384e+03, 3.072e+03, 3.493e+03, 3.840e+03, 4.107e+03], "ms_acc": [1.000e+00, 2.385e+03, 3.053e+03, 3.435e+03, 3.715e+03, 3.893e+03], "m_acc": [3892, 1508,  840,  458,  178,    0]}
-------------------------------