Metric Order: Top Confidence, BvSB, Entropy, Gini
{"metric": "topconf", "threshold": [0.0, 0.2, 0.4, 0.6, 0.8, 1.0], "latency": [3397.8464854748822, 3922.29460931792, 5566.327962254905, 8306.140177207932, 12487.966498966896, 23880.92373758293], "server": [0,   257,  1060,  2398,  4440, 10000], "s_acc": [   0,  119,  556, 1436, 3146, 8518], "ms_acc": [   0,   53,  365, 1129, 2810, 8182], "m_acc": [8182, 8129, 7817, 7053, 5372,    0]}
{"metric": "bvsb", "threshold": [0.0, 0.2, 0.4, 0.6, 0.8, 1.0], "latency": [3397.8464854748822, 5858.472591689884, 7707.302750577932, 9667.663919206927, 13576.385245070906, 23880.92373758293], "server": [    0,  1204,  2106,  3062,  4970, 10000], "s_acc": [   0,  654, 1227, 1933, 3621, 8518], "ms_acc": [   0,  440,  925, 1613, 3285, 8182], "m_acc": [8182, 7742, 7257, 6569, 4897,    0]}
{"metric": "entropy", "threshold": [0.0, 0.2, 0.4, 0.6, 0.8, 1.0], "latency": [3397.8464854748822, 3422.36801386188, 3531.0188889978685, 3784.8288773638615, 4284.834447062875, 5035.051238339854], "server": [  0,  12,  65, 189, 431, 797], "s_acc": [  0,  12,  63, 185, 422, 783], "ms_acc": [  0,  12,  63, 185, 423, 784], "m_acc": [8182, 8170, 8119, 7997, 7759, 7398]}
{"metric": "gini", "threshold": [0.0, 0.2, 0.4, 0.6, 0.8, 1.0], "latency": [3397.8464854748822, 7738.535734565841, 15806.86229741891, 19050.88963402889, 21994.805218472906, 23880.92373758293], "server": [    0,  2116,  6057,  7640,  9078, 10000], "s_acc": [   0, 2070, 5829, 7105, 8037, 8518], "ms_acc": [   0, 2071, 5827, 7056, 7874, 8182], "m_acc": [8182, 6111, 2355, 1126,  308,    0]}
-------------------------------
{"metric": "topconf", "threshold": [0.0, 0.2, 0.4, 0.6, 0.8, 1.0], "latency": [3346.6237129207475, 3872.1463035247434, 5559.131427607823, 8133.081812040975, 12366.469218153896, 23610.933711694954], "server": [    0,   259,  1091,  2361,  4451, 10000], "s_acc": [   0,  113,  573, 1369, 3091, 8458], "ms_acc": [   0,   57,  374, 1093, 2788, 8156], "m_acc": [8156, 8099, 7782, 7063, 5368,    0]}
{"metric": "bvsb", "threshold": [0.0, 0.2, 0.4, 0.6, 0.8, 1.0], "latency": [3346.6237129207475, 5837.269832466805, 7612.1205382379485, 9595.415516692974, 13377.73243212594, 23610.933711694954], "server": [    0,  1229,  2104,  3083,  4950, 10000], "s_acc": [   0,  660, 1203, 1901, 3536, 8458], "ms_acc": [   0,  454,  927, 1610, 3234, 8156], "m_acc": [8156, 7702, 7229, 6546, 4922,    0]}
{"metric": "entropy", "threshold": [0.0, 0.2, 0.4, 0.6, 0.8, 1.0], "latency": [3346.6237129207475, 3374.976957807743, 3490.3237581387075, 3751.481621932704, 4217.537549184723, 4984.766444315726], "server": [  0,  14,  71, 200, 430, 809], "s_acc": [  0,  13,  69, 195, 421, 794], "ms_acc": [  0,  13,  69, 195, 420, 792], "m_acc": [8156, 8143, 8087, 7961, 7736, 7364]}
{"metric": "gini", "threshold": [0.0, 0.2, 0.4, 0.6, 0.8, 1.0], "latency": [3346.6237129207475, 7761.3728333188155, 15612.334201847822, 18833.057959066795, 21647.30420481383, 23610.933711694954], "server": [    0,  2180,  6053,  7643,  9032, 10000], "s_acc": [   0, 2138, 5822, 7079, 7955, 8458], "ms_acc": [   0, 2136, 5820, 7046, 7828, 8156], "m_acc": [8156, 6020, 2336, 1110,  328,    0]}
-------------------------------
{"metric": "topconf", "threshold": [0.0, 0.2, 0.4, 0.6, 0.8, 1.0], "latency": [3406.2740018788463, 3921.921381989938, 5565.59348829696, 8212.810089179628, 12566.683199010818, 23911.025267826597], "server": [    0,   251,  1052,  2343,  4466, 10000], "s_acc": [   0,   99,  516, 1377, 3120, 8428], "ms_acc": [   0,   45,  363, 1127, 2856, 8172], "m_acc": [8172, 8127, 7809, 7045, 5316,    0]}
{"metric": "bvsb", "threshold": [0.0, 0.2, 0.4, 0.6, 0.8, 1.0], "latency": [3406.2740018788463, 5946.888016643861, 7660.830909976721, 9616.740769845666, 13581.222925081856, 23911.025267826597], "server": [    0,  1235,  2073,  3027,  4961, 10000], "s_acc": [   0,  642, 1174, 1889, 3556, 8428], "ms_acc": [   0,  463,  934, 1633, 3293, 8172], "m_acc": [8172, 7709, 7238, 6539, 4879,    0]}
{"metric": "entropy", "threshold": [0.0, 0.2, 0.4, 0.6, 0.8, 1.0], "latency": [3406.2740018788463, 3433.3698003598547, 3542.9574182858123, 3782.2262401568223, 4221.574824999756, 5050.3286804617455], "server": [  0,  13,  66, 183, 397, 800], "s_acc": [  0,  12,  64, 178, 381, 770], "ms_acc": [  0,  12,  64, 178, 383, 773], "m_acc": [8172, 8160, 8108, 7994, 7789, 7399]}
{"metric": "gini", "threshold": [0.0, 0.2, 0.4, 0.6, 0.8, 1.0], "latency": [3406.2740018788463, 7821.278957810784, 15836.349284912605, 19129.9407937938, 21982.284873120516, 23911.025267826597], "server": [    0,  2152,  6064,  7668,  9059, 10000], "s_acc": [   0, 2085, 5764, 7044, 7970, 8428], "ms_acc": [   0, 2089, 5779, 7032, 7849, 8172], "m_acc": [8172, 6083, 2393, 1140,  323,    0]}
-------------------------------
{"metric": "topconf", "threshold": [0.0, 0.2, 0.4, 0.6, 0.8, 1.0], "latency": [1675.6967585029197, 1928.3740530368523, 2742.3180943689076, 4110.232877726128, 6237.781632444239, 11805.190494457216], "server": [   0,  125,  527, 1202, 2252, 5000], "s_acc": [   0,   50,  255,  664, 1516, 4167], "ms_acc": [   0,   24,  189,  556, 1414, 4064], "m_acc": [4064, 4040, 3875, 3508, 2650,    0]}
{"metric": "bvsb", "threshold": [0.0, 0.2, 0.4, 0.6, 0.8, 1.0], "latency": [1675.6967585029197, 2865.735693466937, 3840.9508421251085, 4786.873758970003, 6724.932879139364, 11805.190494457216], "server": [   0,  588, 1069, 1536, 2492, 5000], "s_acc": [   0,  300,  571,  898, 1734, 4167], "ms_acc": [   0,  222,  472,  796, 1628, 4064], "m_acc": [4064, 3842, 3592, 3268, 2436,    0]}
{"metric": "entropy", "threshold": [0.0, 0.2, 0.4, 0.6, 0.8, 1.0], "latency": [1675.6967585029197, 1700.094028716936, 1740.4402683389344, 1853.5484099948953, 2065.8509480208304, 2412.618463589897], "server": [  0,  12,  32,  88, 193, 364], "s_acc": [  0,  12,  32,  88, 190, 357], "ms_acc": [  0,  12,  32,  88, 189, 355], "m_acc": [4064, 4052, 4032, 3976, 3875, 3709]}
{"metric": "gini", "threshold": [0.0, 0.2, 0.4, 0.6, 0.8, 1.0], "latency": [1675.6967585029197, 3841.0747105808114, 7767.221008297885, 9384.601270287007, 10841.484179601146, 11805.190494457216], "server": [   0, 1069, 3007, 3805, 4524, 5000], "s_acc": [   0, 1042, 2886, 3491, 3946, 4167], "ms_acc": [   0, 1042, 2886, 3491, 3890, 4064], "m_acc": [4064, 3022, 1178,  573,  174,    0]}
-------------------------------
